+-------------+---------+--------+-------+--------+--------+--------+--------+--------+
|             |   count |   mean |   std |    min |    25% |    50% |    75% |    max |
|-------------+---------+--------+-------+--------+--------+--------+--------+--------|
| accuracy    |  10.000 |  0.826 | 0.035 |  0.783 |  0.796 |  0.821 |  0.848 |  0.880 |
| precision   |  10.000 |  0.835 | 0.032 |  0.782 |  0.821 |  0.837 |  0.863 |  0.870 |
| recall      |  10.000 |  0.857 | 0.056 |  0.745 |  0.828 |  0.863 |  0.896 |  0.922 |
| f1          |  10.000 |  0.844 | 0.033 |  0.800 |  0.815 |  0.842 |  0.869 |  0.895 |
| auc         |  10.000 |  0.893 | 0.039 |  0.829 |  0.862 |  0.906 |  0.922 |  0.946 |
| outer_fold  |  10.000 |  5.500 | 3.028 |  1.000 |  3.250 |  5.500 |  7.750 | 10.000 |
| search_time |  10.000 | 74.901 | 2.148 | 71.264 | 74.322 | 74.676 | 75.626 | 79.379 |
+-------------+---------+--------+-------+--------+--------+--------+--------+--------+
