+------------------+---------+---------+-------+---------+---------+---------+---------+---------+
|                  |   count |    mean |   std |     min |     25% |     50% |     75% |     max |
|------------------+---------+---------+-------+---------+---------+---------+---------+---------|
| feature_fraction |  10.000 |   0.840 | 0.084 |   0.800 |   0.800 |   0.800 |   0.800 |   1.000 |
| learning_rate    |  10.000 |   0.050 | 0.000 |   0.050 |   0.050 |   0.050 |   0.050 |   0.050 |
| max_depth        |  10.000 |   3.100 | 0.316 |   3.000 |   3.000 |   3.000 |   3.000 |   4.000 |
| n_estimators     |  10.000 | 200.000 | 0.000 | 200.000 | 200.000 | 200.000 | 200.000 | 200.000 |
| num_leaves       |  10.000 |  15.000 | 0.000 |  15.000 |  15.000 |  15.000 |  15.000 |  15.000 |
| subsample        |  10.000 |   0.800 | 0.000 |   0.800 |   0.800 |   0.800 |   0.800 |   0.800 |
| outer_fold       |  10.000 |   5.500 | 3.028 |   1.000 |   3.250 |   5.500 |   7.750 |  10.000 |
+------------------+---------+---------+-------+---------+---------+---------+---------+---------+
