+-------------+---------+--------+-------+-------+-------+-------+-------+--------+
|             |   count |   mean |   std |   min |   25% |   50% |   75% |    max |
|-------------+---------+--------+-------+-------+-------+-------+-------+--------|
| accuracy    |  10.000 |  0.823 | 0.047 | 0.739 | 0.796 | 0.804 | 0.867 |  0.891 |
| precision   |  10.000 |  0.834 | 0.036 | 0.776 | 0.813 | 0.839 | 0.862 |  0.882 |
| recall      |  10.000 |  0.849 | 0.067 | 0.745 | 0.809 | 0.853 | 0.882 |  0.961 |
| f1          |  10.000 |  0.841 | 0.045 | 0.760 | 0.815 | 0.825 | 0.880 |  0.907 |
| auc         |  10.000 |  0.896 | 0.031 | 0.853 | 0.867 | 0.897 | 0.922 |  0.937 |
| outer_fold  |  10.000 |  5.500 | 3.028 | 1.000 | 3.250 | 5.500 | 7.750 | 10.000 |
| search_time |  10.000 |  0.089 | 0.043 | 0.066 | 0.076 | 0.078 | 0.080 |  0.210 |
+-------------+---------+--------+-------+-------+-------+-------+-------+--------+
