+------------+---------+--------+-------+-------+-------+-------+-------+--------+
|            |   count |   mean |   std |   min |   25% |   50% |   75% |    max |
|------------+---------+--------+-------+-------+-------+-------+-------+--------|
| accuracy   |  10.000 |  0.828 | 0.025 | 0.783 | 0.810 | 0.832 | 0.845 |  0.859 |
| precision  |  10.000 |  0.831 | 0.019 | 0.807 | 0.813 | 0.833 | 0.843 |  0.865 |
| recall     |  10.000 |  0.866 | 0.055 | 0.745 | 0.852 | 0.882 | 0.897 |  0.922 |
| f1         |  10.000 |  0.847 | 0.027 | 0.792 | 0.832 | 0.853 | 0.865 |  0.879 |
| auc        |  10.000 |  0.892 | 0.036 | 0.842 | 0.858 | 0.901 | 0.916 |  0.953 |
| fold       |  10.000 |  5.500 | 3.028 | 1.000 | 3.250 | 5.500 | 7.750 | 10.000 |
| train_time |  10.000 |  0.273 | 0.055 | 0.234 | 0.251 | 0.257 | 0.267 |  0.427 |
| test_time  |  10.000 |  0.001 | 0.000 | 0.001 | 0.001 | 0.001 | 0.001 |  0.001 |
+------------+---------+--------+-------+-------+-------+-------+-------+--------+
