+------------+---------+--------+-------+-------+-------+-------+-------+--------+
|            |   count |   mean |   std |   min |   25% |   50% |   75% |    max |
|------------+---------+--------+-------+-------+-------+-------+-------+--------|
| accuracy   | 100.000 |  0.821 | 0.033 | 0.739 | 0.793 | 0.826 | 0.848 |  0.880 |
| precision  | 100.000 |  0.831 | 0.040 | 0.733 | 0.804 | 0.829 | 0.852 |  0.935 |
| recall     | 100.000 |  0.852 | 0.046 | 0.706 | 0.824 | 0.863 | 0.882 |  0.960 |
| f1         | 100.000 |  0.840 | 0.029 | 0.768 | 0.822 | 0.843 | 0.865 |  0.891 |
| auc        | 100.000 |  0.883 | 0.032 | 0.813 | 0.857 | 0.885 | 0.909 |  0.952 |
| repeat     | 100.000 |  5.500 | 2.887 | 1.000 | 3.000 | 5.500 | 8.000 | 10.000 |
| fold       | 100.000 |  5.500 | 2.887 | 1.000 | 3.000 | 5.500 | 8.000 | 10.000 |
| train_time | 100.000 |  0.104 | 0.031 | 0.075 | 0.085 | 0.088 | 0.111 |  0.193 |
| test_time  | 100.000 |  0.002 | 0.001 | 0.001 | 0.002 | 0.002 | 0.002 |  0.011 |
+------------+---------+--------+-------+-------+-------+-------+-------+--------+
