+------------+---------+--------+-------+-------+-------+-------+-------+--------+
|            |   count |   mean |   std |   min |   25% |   50% |   75% |    max |
|------------+---------+--------+-------+-------+-------+-------+-------+--------|
| accuracy   |  10.000 |  0.823 | 0.036 | 0.772 | 0.796 | 0.832 | 0.848 |  0.870 |
| precision  |  10.000 |  0.828 | 0.027 | 0.788 | 0.809 | 0.836 | 0.847 |  0.863 |
| recall     |  10.000 |  0.859 | 0.067 | 0.706 | 0.833 | 0.873 | 0.901 |  0.941 |
| f1         |  10.000 |  0.842 | 0.037 | 0.774 | 0.820 | 0.850 | 0.868 |  0.889 |
| auc        |  10.000 |  0.882 | 0.031 | 0.844 | 0.855 | 0.886 | 0.900 |  0.936 |
| fold       |  10.000 |  5.500 | 3.028 | 1.000 | 3.250 | 5.500 | 7.750 | 10.000 |
| train_time |  10.000 |  0.094 | 0.015 | 0.072 | 0.082 | 0.096 | 0.106 |  0.118 |
| test_time  |  10.000 |  0.002 | 0.000 | 0.001 | 0.001 | 0.002 | 0.002 |  0.002 |
+------------+---------+--------+-------+-------+-------+-------+-------+--------+
