+------------+---------+--------+-------+-------+-------+-------+-------+--------+
|            |   count |   mean |   std |   min |   25% |   50% |   75% |    max |
|------------+---------+--------+-------+-------+-------+-------+-------+--------|
| accuracy   | 100.000 |  0.820 | 0.040 | 0.696 | 0.793 | 0.821 | 0.848 |  0.902 |
| precision  | 100.000 |  0.829 | 0.041 | 0.727 | 0.800 | 0.830 | 0.861 |  0.913 |
| recall     | 100.000 |  0.851 | 0.052 | 0.627 | 0.824 | 0.843 | 0.882 |  0.941 |
| f1         | 100.000 |  0.839 | 0.036 | 0.696 | 0.821 | 0.837 | 0.863 |  0.913 |
| auc        | 100.000 |  0.895 | 0.032 | 0.813 | 0.870 | 0.899 | 0.921 |  0.956 |
| repeat     | 100.000 |  5.500 | 2.887 | 1.000 | 3.000 | 5.500 | 8.000 | 10.000 |
| fold       | 100.000 |  5.500 | 2.887 | 1.000 | 3.000 | 5.500 | 8.000 | 10.000 |
| train_time | 100.000 |  0.003 | 0.002 | 0.002 | 0.003 | 0.003 | 0.003 |  0.016 |
| test_time  | 100.000 |  0.001 | 0.000 | 0.001 | 0.001 | 0.001 | 0.001 |  0.002 |
+------------+---------+--------+-------+-------+-------+-------+-------+--------+
