+------------+---------+--------+-------+-------+-------+-------+-------+--------+
|            |   count |   mean |   std |   min |   25% |   50% |   75% |    max |
|------------+---------+--------+-------+-------+-------+-------+-------+--------|
| accuracy   |  10.000 |  0.820 | 0.043 | 0.739 | 0.804 | 0.810 | 0.848 |  0.880 |
| precision  |  10.000 |  0.832 | 0.033 | 0.776 | 0.813 | 0.837 | 0.861 |  0.868 |
| recall     |  10.000 |  0.845 | 0.065 | 0.745 | 0.794 | 0.853 | 0.896 |  0.941 |
| f1         |  10.000 |  0.837 | 0.041 | 0.760 | 0.816 | 0.833 | 0.865 |  0.897 |
| auc        |  10.000 |  0.895 | 0.034 | 0.850 | 0.864 | 0.897 | 0.921 |  0.944 |
| fold       |  10.000 |  5.500 | 3.028 | 1.000 | 3.250 | 5.500 | 7.750 | 10.000 |
| train_time |  10.000 |  0.005 | 0.005 | 0.003 | 0.003 | 0.003 | 0.005 |  0.020 |
| test_time  |  10.000 |  0.001 | 0.000 | 0.001 | 0.001 | 0.001 | 0.001 |  0.002 |
+------------+---------+--------+-------+-------+-------+-------+-------+--------+
