+------------+---------+--------+-------+--------+--------+--------+--------+--------+
|            |   count |   mean |   std |    min |    25% |    50% |    75% |    max |
|------------+---------+--------+-------+--------+--------+--------+--------+--------|
| accuracy   |  10.000 |  0.808 | 0.037 |  0.761 |  0.774 |  0.804 |  0.837 |  0.859 |
| precision  |  10.000 |  0.797 | 0.045 |  0.704 |  0.769 |  0.813 |  0.824 |  0.852 |
| recall     |  10.000 |  0.880 | 0.060 |  0.804 |  0.843 |  0.892 |  0.902 |  1.000 |
| f1         |  10.000 |  0.835 | 0.031 |  0.788 |  0.807 |  0.835 |  0.860 |  0.876 |
| auc        |  10.000 |  0.897 | 0.027 |  0.855 |  0.874 |  0.893 |  0.920 |  0.932 |
| fold       |  10.000 |  5.500 | 3.028 |  1.000 |  3.250 |  5.500 |  7.750 | 10.000 |
| train_time |  10.000 | 13.833 | 3.211 | 10.548 | 11.705 | 12.463 | 14.857 | 20.666 |
| test_time  |  10.000 |  0.000 | 0.000 |  0.000 |  0.000 |  0.000 |  0.000 |  0.000 |
+------------+---------+--------+-------+--------+--------+--------+--------+--------+
