+------------+---------+--------+-------+-------+-------+-------+-------+--------+
|            |   count |   mean |   std |   min |   25% |   50% |   75% |    max |
|------------+---------+--------+-------+-------+-------+-------+-------+--------|
| accuracy   |  10.000 |  0.824 | 0.035 | 0.772 | 0.796 | 0.832 | 0.845 |  0.880 |
| precision  |  10.000 |  0.830 | 0.029 | 0.788 | 0.807 | 0.826 | 0.857 |  0.870 |
| recall     |  10.000 |  0.859 | 0.050 | 0.765 | 0.828 | 0.863 | 0.901 |  0.922 |
| f1         |  10.000 |  0.843 | 0.033 | 0.796 | 0.819 | 0.852 | 0.862 |  0.895 |
| auc        |  10.000 |  0.881 | 0.037 | 0.835 | 0.851 | 0.885 | 0.904 |  0.944 |
| fold       |  10.000 |  5.500 | 3.028 | 1.000 | 3.250 | 5.500 | 7.750 | 10.000 |
| train_time |  10.000 |  0.122 | 0.059 | 0.101 | 0.102 | 0.103 | 0.104 |  0.290 |
| test_time  |  10.000 |  0.005 | 0.001 | 0.003 | 0.005 | 0.005 | 0.005 |  0.006 |
+------------+---------+--------+-------+-------+-------+-------+-------+--------+
