+------------+---------+--------+-------+-------+-------+-------+-------+--------+
|            |   count |   mean |   std |   min |   25% |   50% |   75% |    max |
|------------+---------+--------+-------+-------+-------+-------+-------+--------|
| accuracy   | 100.000 |  0.818 | 0.035 | 0.707 | 0.793 | 0.821 | 0.848 |  0.891 |
| precision  | 100.000 |  0.830 | 0.037 | 0.726 | 0.800 | 0.827 | 0.857 |  0.918 |
| recall     | 100.000 |  0.848 | 0.055 | 0.686 | 0.824 | 0.843 | 0.882 |  0.980 |
| f1         | 100.000 |  0.837 | 0.034 | 0.722 | 0.816 | 0.840 | 0.861 |  0.901 |
| auc        | 100.000 |  0.883 | 0.032 | 0.817 | 0.859 | 0.887 | 0.906 |  0.947 |
| repeat     | 100.000 |  5.500 | 2.887 | 1.000 | 3.000 | 5.500 | 8.000 | 10.000 |
| fold       | 100.000 |  5.500 | 2.887 | 1.000 | 3.000 | 5.500 | 8.000 | 10.000 |
| train_time | 100.000 |  0.129 | 0.034 | 0.093 | 0.105 | 0.111 | 0.157 |  0.216 |
| test_time  | 100.000 |  0.006 | 0.005 | 0.004 | 0.005 | 0.005 | 0.006 |  0.053 |
+------------+---------+--------+-------+-------+-------+-------+-------+--------+
